-----------------------------------------------------------------------------------------------------------------------------------------
-----------------------------------------------------------------------------------------------------------------------------------------
Run 1
-----------------------------------------------------------------------------------------------------------------------------------------
-----------------------------------------------------------------------------------------------------------------------------------------
[0, 0, 0, 0, -2, 0, 0.05124001, -0.010248, 0.993568, -0.05098307, 0.1586639, 2.300903, 4.0, 200.0]
[-17, -13, 19, 28, 0, 0, 0.006588, -0.014884, 1.001132, -2.290983, 7.088664, -7.499097, 4.0, 200.0]
[-51, -49, 51, 62, 0, 0, 0.002928, -0.000488, 0.974292, -0.8909831, 0.01866388, -14.6391, 4.0, 200.0]
[-83, -78, 83, 89, -4, 0, 0.069296, -0.006588, 0.9828321, 0.5790169, 0.8586639, -11.3491, 4.0, 200.0]
[-111, -110, 114, 116, -2, -2, 0.046116, -0.042212, 1.031144, 1.909017, -1.241336, -13.1691, 4.0, 200.0]
[-143, -140, 144, 146, 0, 0, 0.008784, -0.010004, 0.996984, -0.330983, 1.138664, -11.9791, 4.0, 200.0]
[-172, -170, 173, 177, 0, 0, -0.000488, -0.009516, 1.009672, -0.820983, 0.5086639, -11.1391, 4.0, 200.0]
[-203, -200, 202, 208, -1, 0, 0.021472, 0.007076, 0.9882, -0.8909831, 0.8586639, -10.9991, 4.0, 200.0]
[-232, -229, 233, 238, 0, 0, 0.010004, 0.015616, 1.0126, -0.330983, 2.538664, -12.7491, 4.0, 200.0]
[-262, -259, 264, 267, -2, 0, 0.046604, -0.011956, 0.9489161, -0.5409831, -0.2613361, -14.2191, 4.0, 200.0]
[-293, -290, 296, 297, -3, 1, 0.062464, 0.022692, 1.02114, -0.05098307, 0.01866388, -8.549096, 4.0, 200.0]
[-323, -321, 324, 326, -2, -1, 0.05246, -0.030256, 1.003328, -0.6109831, 1.278664, -13.5191, 4.0, 200.0]
[-352, -350, 354, 357, 1, 0, -0.023912, -0.013908, 1.00162, -1.170983, -1.171336, -13.1691, 4.0, 200.0]
[-381, -380, 384, 387, 0, 1, 0.011468, 0.027328, 0.979172, -0.9609831, 0.5786639, -9.879096, 4.0, 200.0]
[-412, -409, 415, 417, -1, 0, 0.030256, 0.0122, 0.979172, 0.3690169, 1.418664, -10.3691, 4.0, 200.0]
[-442, -440, 445, 447, 0, 1, -0.005856, 0.019032, 1.033584, 0.8590169, -2.151336, -9.389096, 4.0, 200.0]
[-472, -470, 475, 476, -3, 0, 0.061, 0.001464, 1.009672, -0.05098307, 0.01866388, -10.5791, 4.0, 200.0]
[-502, -500, 506, 506, -5, 0, 0.09052401, -0.011468, 0.9755119, -0.9609831, 2.468664, -9.879096, 4.0, 118.1]
[-532, -530, 537, 535, -2, -1, 0.038308, -0.024644, 0.9999121, -0.2609831, 0.3686639, -13.2391, 4.0, 200.0]
[-562, -560, 564, 566, 0, 1, 0.005124001, 0.022936, 1.002108, -0.330983, -0.8913361, -9.949097, 4.0, 78.4]
[-591, -589, 595, 596, -3, -2, 0.068564, -0.035624, 0.9952761, -0.4009831, -1.241336, -9.529097, 4.0, 76.4]
[-621, -619, 624, 628, 0, 0, 0.011956, 0.014152, 0.965264, 0.3690169, 0.2986639, -12.1891, 4.0, 115.3]
[-652, -650, 656, 658, -2, 0, 0.049532, 0.016104, 1.015528, 0.08901691, 0.1586639, -7.919097, 4.0, 79.3]
[-682, -681, 684, 686, -1, 0, 0.020252, 0.006344, 0.990396, -1.800983, 1.278664, -10.1591, 4.0, 111.5]
[-711, -710, 715, 717, 0, 0, 0.003416, 0.000244, 1.016992, -1.730983, -0.4013361, -12.4691, 4.0, 112.0]
[-742, -740, 744, 747, -1, 1, 0.025132, 0.026352, 1.006988, 0.01901698, 1.488664, -5.049097, 4.0, 111.7]
[-771, -771, 776, 777, 0, 0, -0.00244, -0.006344, 0.996008, -0.820983, -0.6113361, -12.4691, 4.0, 112.6]
[-802, -801, 808, 806, -4, 0, 0.079788, 0.009516, 0.978684, -1.240983, -0.4013361, -6.589096, 4.0, 113.6]
[-831, -830, 837, 835, -2, 0, 0.04148, 0.008540001, 1.011868, 0.5090169, -1.941336, -9.179096, 4.0, 200.0]
[-861, -861, 866, 865, -2, 1, 0.038796, 0.02318, 1.025288, 0.2290169, 0.2286639, -8.059096, 4.0, 200.0]
[-891, -890, 896, 895, 0, 0, 0.008296, -0.005612, 1.006012, -0.8909831, -0.8213362, -8.269096, 4.0, 200.0]
[-920, -920, 926, 925, -4, 0, 0.078812, -0.01098, 1.006012, -0.1110684, -0.7379752, -9.077205, 4.0, 200.0]
[-950, -950, 958, 957, -2, -1, 0.041968, -0.032208, 1.006744, -0.8110683, 0.8020248, -12.0172, 4.0, 200.0]
[-981, -979, 987, 988, -2, 0, 0.03538, -0.009516, 0.983076, 0.4489317, -0.1779752, -9.917205, 4.0, 200.0]
[-1011, -1011, 1016, 1018, -1, 0, 0.023424, -0.006344, 1.032852, 0.09893167, -1.647975, -7.537205, 4.0, 200.0]
[-1042, -1040, 1044, 1045, -1, 1, 0.031964, 0.026108, 1.024556, -0.2352251, 0.1015707, -11.12947, 4.0, 200.0]
[-1070, -1070, 1075, 1074, 0, 0, 0.005612, 0.010492, 1.001376, -0.02522504, -0.03842938, -8.539475, 4.0, 200.0]
[-1101, -1100, 1105, 1107, 0, -1, -0.009272, -0.02074, 0.987224, -0.3752251, 1.361571, -11.33947, 4.0, 200.0]
[-1130, -1131, 1136, 1136, -1, 0, 0.0305, -0.005124001, 1.00528, -0.08128321, -0.6705709, -6.233686, 4.0, 200.0]
[-1160, -1160, 1167, 1165, 0, 1, 0.008540001, 0.02074, 1.026264, -1.621283, -1.090571, -6.863687, 4.0, 200.0]
[-1190, -1191, 1195, 1195, -2, 0, 0.048312, -0.016348, 0.9838079, -0.5012832, 0.1694291, -6.023686, 4.0, 200.0]
[-1221, -1221, 1226, 1226, 1, 0, -0.021228, -0.008540001, 1.016504, -0.2777148, 2.286163, -7.107662, 4.0, 200.0]
[-1252, -1250, 1256, 1257, -1, -1, 0.0244, -0.02196, 1.017968, 0.4922852, -0.3038366, -7.177661, 4.0, 200.0]
[-1282, -1280, 1285, 1288, 0, 0, 0.015372, 0.002928, 0.991372, -0.2777148, -0.09383655, -10.88766, 4.0, 200.0]
[-1311, -1310, 1314, 1318, 0, 0, 0.016104, -0.01586, 1.018944, 0.002285123, 0.3261634, -11.44766, 4.0, 200.0]
[-1342, -1338, 1344, 1348, 0, -1, 0.015616, -0.018056, 0.993812, -1.327715, 1.026163, -10.67766, 4.0, 200.0]
[-1372, -1370, 1372, 1378, 0, 0, 0.005612, 0.008052, 1.00528, -0.4177148, -1.493837, -7.597661, 4.0, 200.0]
[-1403, -1400, 1400, 1407, -3, 0, 0.06832001, -0.013664, 1.036268, -0.6277149, -0.1638366, -6.967661, 4.0, 140.8]
[-1432, -1430, 1432, 1437, -2, 0, 0.034404, -0.005612, 0.9823441, -0.4877149, 1.026163, -13.61766, 4.0, 140.9]
[-1462, -1460, 1462, 1467, -3, -2, 0.058072, -0.048556, 1.014796, -0.4877149, 0.5361634, -10.67766, 4.0, 141.7]
[-1491, -1489, 1493, 1496, 0, 0, -0.005856, -0.01586, 0.9828321, 0.07228518, 0.8161634, -12.00766, 4.0, 142.0]
[-1522, -1521, 1523, 1528, -3, 0, 0.053924, -0.012688, 0.959896, -2.587715, 1.236163, -8.437662, 4.0, 200.0]
[-1551, -1550, 1554, 1556, -1, -1, 0.033916, -0.027572, 0.987712, 0.4222851, -0.3738365, -8.437662, 4.0, 200.0]
[-1581, -1580, 1584, 1586, -3, -2, 0.06563601, -0.049776, 1.035292, 0.7722851, 0.7461634, -6.827661, 4.0, 200.0]
[-1611, -1609, 1618, 1615, 0, -1, -0.016348, -0.024888, 1.008696, -1.117715, 3.266163, -10.39766, 4.0, 200.0]
[-1641, -1639, 1646, 1646, -1, 0, 0.0244, -0.016836, 0.985272, -0.5577149, -0.1638366, -7.737662, 4.0, 200.0]
[-1671, -1669, 1678, 1676, -1, -3, 0.035624, -0.058316, 1.037488, -0.1377149, -1.563837, -10.32766, 4.0, 200.0]
[-1702, -1698, 1708, 1708, 0, 0, -0.016348, -0.006099999, 0.952088, 0.07228518, 2.286163, -8.927662, 4.0, 200.0]
[-1731, -1729, 1736, 1737, 2, -1, -0.047092, -0.031476, 1.006988, -0.764325, 0.4126116, -7.129858, 4.0, 200.0]
[-1761, -1761, 1766, 1765, 0, -2, 0.002684, -0.046604, 1.03456, 0.7056749, 0.6926116, -8.599858, 4.0, 200.0]
[-1791, -1791, 1795, 1797, -1, 0, 0.031964, -0.014152, 1.014552, 0.2856749, -3.507388, -9.439858, 4.0, 200.0]
[-1820, -1819, 1825, 1827, 1, 2, -0.033184, 0.037088, 0.977952, -0.6230878, 2.378695, -6.359108, 4.0, 200.0]
[-1851, -1850, 1857, 1856, 2, 0, -0.041968, 0.005124001, 1.002108, 0.5669122, 1.398695, -11.25911, 4.0, 115.6]
[-1882, -1881, 1888, 1887, -3, 0, 0.06344, -0.012932, 0.992104, 1.546912, -1.331305, -2.999109, 4.0, 115.6]
[-1911, -1910, 1917, 1916, -5, -2, 0.08808401, -0.048556, 1.00528, 0.6369123, -1.541305, -4.189108, 4.0, 115.4]
[-1941, -1940, 1945, 1945, -2, 0, 0.0366, -0.00122, 0.9628241, -0.2730877, 1.468695, -7.269108, 4.0, 114.0]
[-1971, -1970, 1975, 1976, 0, -1, -0.015372, -0.01952, 0.9967401, 1.056912, -1.121305, -6.569108, 4.0, 114.0]
[-2002, -2000, 2007, 2006, -1, -2, 0.022204, -0.043188, 0.9755119, 0.3569123, -0.001304746, -3.839109, 4.0, 114.1]
[-2030, -2029, 2036, 2037, -3, 0, 0.05929201, -0.00732, 1.01382, 0.9169122, -0.4913048, -8.109108, 4.0, 114.1]
[-2060, -2059, 2068, 2069, 1, 0, -0.033428, -0.003904, 0.994788, 0.4969122, 0.4186954, -7.759109, 4.0, 114.3]
[-2090, -2090, 2095, 2098, 0, 0, 0.014396, -0.016836, 1.039684, -0.2730877, -0.001304746, -2.299109, 4.0, 115.5]
[-2121, -2119, 2124, 2126, 0, -1, -0.006588, -0.030744, 1.00894, -0.9030877, 2.308695, -10.41911, 4.0, 154.9]
[-2151, -2150, 2154, 2156, 0, 0, -0.007808001, -0.011712, 1.008696, -0.4830878, 1.188695, -10.41911, 4.0, 154.6]
[-2180, -2179, 2185, 2186, -1, -2, -0.011956, -0.03538, 1.013088, 0.4269123, 0.2786953, -8.669109, 4.0, 155.3]
[-2210, -2211, 2215, 2216, -2, -1, 0.042456, -0.025864, 1.014552, 0.8469123, -0.7713047, -6.009109, 4.0, 200.0]
[-2241, -2241, 2246, 2245, -2, -1, 0.052948, -0.026596, 1.019188, -0.1330878, -0.6313046, -3.139109, 4.0, 200.0]
[-2270, -2271, 2277, 2275, 0, -2, 0.008052, -0.037576, 1.025288, 0.2169122, -0.6313046, -5.379109, 4.0, 83.1]
[-2300, -2300, 2306, 2305, 0, 0, 0.003904, -0.000732, 1.027728, -0.2730877, -1.401305, -6.499109, 4.0, 200.0]
[-2331, -2330, 2335, 2335, 0, -2, 0.009272, -0.051484, 1.01016, 0.4269123, -0.3513047, -7.059109, 4.0, 200.0]
[-2360, -2360, 2365, 2366, -2, 0, 0.042212, 0.009516, 1.008452, -0.9030877, -0.4213046, -8.249109, 4.0, 83.0]
[-2390, -2390, 2395, 2397, -3, -1, 0.063928, -0.0244, 0.99796, 0.3512053, 0.6417228, -8.83214, 4.0, 200.0]
[-2420, -2419, 2427, 2428, -1, -1, 0.025864, -0.02196, 0.989908, 0.6312053, 0.9217228, -3.58214, 4.0, 200.0]
[-2451, -2450, 2455, 2458, -4, 0, 0.082228, -0.003904, 0.977464, -0.2787946, 0.1517228, -4.002141, 4.0, 200.0]
[-2482, -2480, 2482, 2487, -2, 0, 0.046604, -0.003172, 1.018456, 0.2112053, 0.1517228, -6.522141, 4.0, 200.0]
[-2511, -2510, 2513, 2517, -1, -1, 0.027084, -0.02074, 1.008452, 0.4212053, 0.7117228, -10.72214, 4.0, 200.0]
[-2541, -2539, 2542, 2547, 0, 0, -0.002928, 0.00976, 1.008696, -0.06879473, -0.4782773, -5.61214, 4.0, 200.0]
[-2571, -2570, 2575, 2577, -1, 0, 0.034648, -0.014152, 1.018456, -1.188795, -1.598277, -6.66214, 4.0, 200.0]
[-2602, -2601, 2607, 2607, -1, 0, 0.020008, 0.012932, 0.9962521, -0.3487947, -0.6182772, -5.752141, 4.0, 200.0]
[-2630, -2630, 2635, 2636, -3, -1, 0.054168, -0.031964, 1.027484, 1.191205, -2.718277, -3.58214, 4.0, 200.0]
[-2661, -2660, 2666, 2665, -2, -4, 0.05002, -0.07564001, 1.017724, 0.7712053, -1.878277, -6.45214, 4.0, 200.0]
[-2692, -2690, 2696, 2695, -1, -1, 0.032208, -0.01952, 1.004548, 0.2112053, 0.9917228, -6.24214, 4.0, 200.0]
[-2721, -2719, 2724, 2726, -2, 0, 0.03782001, -0.016836, 0.986492, 0.6312053, 0.1517228, -8.482141, 4.0, 200.0]
[-2751, -2750, 2756, 2757, -2, -2, 0.052704, -0.0427, 1.022848, -0.6987947, -0.1982772, -8.972141, 4.0, 200.0]
[-2781, -2778, 2784, 2788, -3, -1, 0.058072, -0.034648, 1.017968, -0.4187946, 1.481723, -4.91214, 4.0, 200.0]
[-2811, -2809, 2816, 2817, -2, -1, 0.048312, -0.020252, 0.980392, 0.4912053, 0.4317227, -8.692141, 4.0, 200.0]
[-2842, -2840, 2844, 2845, -4, 0, 0.074664, -0.015128, 1.02846, -0.5587947, 1.551723, -8.83214, 4.0, 200.0]
[-2871, -2870, 2874, 2875, -1, -1, 0.022448, -0.029036, 1.00528, 0.3512053, -1.528277, -7.29214, 4.0, 200.0]
[-2900, -2900, 2907, 2906, -1, 0, 0.030988, -0.012444, 0.989176, 0.3512053, -0.05827725, -7.922141, 4.0, 200.0]
[-2931, -2930, 2936, 2937, -1, 0, 0.021472, -0.007564, 0.984296, 0.6312053, 0.1517228, -9.812141, 4.0, 200.0]
[-2961, -2961, 2966, 2967, -2, 0, 0.04514, -0.00488, 0.980392, 0.001205325, 1.901723, -4.632141, 4.0, 200.0]