-----------------------------------------------------------------------------------------------------------------------------------------
-----------------------------------------------------------------------------------------------------------------------------------------
Run 1
-----------------------------------------------------------------------------------------------------------------------------------------
-----------------------------------------------------------------------------------------------------------------------------------------
[0, 0, 0, 0, -1, 0, 0.027084, -0.002684, 0.9940559, 0.2042358, 0.02169633, 0.03482288, 200.0, 44.9]
[-17, -15, 18, 26, -3, -1, 0.059536, -0.030012, 0.99308, -2.385764, 1.491696, -18.16518, 5.7, 44.9]
[-51, -50, 54, 59, -2, -1, 0.047092, -0.017568, 0.980392, 0.06423581, -1.238304, -16.62518, 200.0, 46.0]
[-82, -83, 89, 86, -3, 0, 0.062464, -0.000732, 0.974292, -0.8457642, 0.1616963, -10.60518, 5.5, 45.9]
[-112, -111, 118, 116, 0, 0, 0.010736, 0.006832, 1.009916, -0.8457642, 0.3016963, -12.42518, 5.8, 44.4]
[-142, -141, 146, 146, -4, 0, 0.08003201, -0.011956, 0.986248, -0.4957643, -0.7483038, -10.46518, 5.5, 45.4]
[-173, -173, 174, 176, 0, 0, 0.007808001, 0.007808001, 0.9999121, 0.6376416, -1.412477, -10.37994, 5.1, 44.8]
[-202, -201, 206, 204, 0, 0, -0.006588, 0.002196, 1.01016, -0.4823585, -0.9924768, -12.33994, 5.5, 44.5]
[-231, -232, 238, 235, -4, 0, 0.073444, -0.000488, 0.9896641, -0.1323584, 0.1275233, -9.39994, 5.6, 47.2]
[-261, -261, 267, 266, -2, 0, 0.045628, 0.002684, 1.01382, -0.04166484, -0.6159033, -10.47819, 5.1, 50.4]
[-292, -292, 295, 297, -3, -1, 0.060268, -0.018544, 0.9916161, -0.3216648, -0.5459033, -8.79819, 7.9, 46.9]
[-322, -324, 324, 325, 0, 1, 0.004392, 0.018056, 1.000888, 0.3083351, 0.4340967, -8.93819, 8.6, 46.3]
[-351, -353, 356, 353, -4, -1, 0.084912, -0.024644, 0.993812, -0.9516649, -0.5459033, -9.49819, 5.6, 47.8]
[-381, -382, 387, 384, 0, 0, 0.015616, 0.010736, 0.985272, -0.9516649, 2.674097, -10.26819, 5.6, 46.2]
[-411, -412, 417, 416, -2, 0, 0.036112, -0.00488, 0.98088, 0.3783351, 0.7840967, -9.63819, 5.2, 46.2]
[-441, -441, 446, 446, -1, 0, 0.02806, -0.005124001, 0.9923479, -0.3658506, -0.4142678, -11.22515, 7.9, 49.2]
[-472, -472, 475, 475, 0, -1, 0.003172, -0.022448, 0.99918, -0.4358506, 1.615732, -9.545151, 5.6, 49.2]
[-502, -502, 504, 506, -1, 0, 0.034648, 0.00488, 1.016748, -0.9258507, 1.615732, -9.40515, 5.9, 49.2]
[-532, -532, 535, 537, -3, 0, 0.06466001, -0.010492, 0.991372, -0.2258506, -0.3442678, -10.45515, 9.5, 28.6]
[-562, -563, 566, 565, -3, 0, 0.064904, -0.002684, 1.01138, -0.4218647, 1.266513, -8.919632, 5.6, 28.6]
[-592, -593, 597, 596, -3, 0, 0.054656, -0.005612, 0.987956, -0.7718647, -0.3434871, -8.709633, 5.6, 28.6]
[-622, -622, 627, 626, 0, 0, 0.00488, -0.015616, 0.996008, -0.4218647, 0.2865129, -10.38963, 9.1, 28.6]
[-652, -652, 655, 657, 1, 0, -0.0244, 0.009028, 1.004304, -0.2818646, -0.2034872, -7.239632, 5.6, 28.6]
[-682, -682, 683, 687, -2, -1, 0.039772, -0.024156, 1.015528, -0.7718647, -0.8334871, -7.659632, 5.6, 28.6]
[-712, -712, 714, 716, -3, -1, 0.062952, -0.018056, 0.9755119, 0.6281353, -0.5534872, -7.589633, 5.6, 25.9]
[-743, -742, 743, 745, 0, 0, 0.008296, -0.015372, 0.980392, -0.9118648, -0.2734872, -7.309633, 5.9, 26.4]
[-773, -772, 774, 777, -2, 0, 0.042944, -0.016348, 0.99186, -0.2818646, 0.07651281, -11.85963, 7.9, 26.1]
[-803, -800, 803, 807, 0, -1, -0.005368, -0.021716, 0.9933241, -1.175305, 1.525196, -12.19815, 5.6, 26.8]
[-834, -830, 831, 839, 0, 0, 0.002928, -0.016348, 0.960628, -1.105305, 0.9651956, -9.818151, 5.6, 26.7]
[-863, -861, 862, 868, -2, 0, 0.04026, -0.014396, 1.015284, -0.05530512, -0.01480448, -7.508151, 5.1, 27.5]
[-893, -891, 892, 897, 0, 0, -0.016592, -0.017568, 1.023824, -0.3353051, 1.875196, -8.628151, 6.3, 27.5]
[-924, -922, 923, 925, -1, 0, 0.019764, -0.013176, 1.008696, 0.03272069, -0.8177701, -8.826483, 5.5, 28.6]
[-953, -952, 953, 957, 1, -1, -0.021716, -0.02684, 1.005524, 0.3127207, 1.35223, -10.50648, 5.1, 29.1]
[-983, -982, 982, 986, -1, 0, 0.025132, -0.01708, 1.014064, 0.6627207, -0.5377702, -8.896483, 5.1, 29.7]
[-1013, -1011, 1012, 1017, -2, -1, 0.037088, -0.02928, 0.997716, 0.3127207, 0.9322299, -10.78648, 5.1, 30.2]
[-1043, -1041, 1043, 1047, -2, -1, 0.0427, -0.031232, 0.990884, -0.03727937, 0.3022299, -9.456483, 5.5, 30.3]
[-1073, -1072, 1073, 1075, 0, 0, 0.003172, 0.012688, 0.9940559, 0.3827207, -3.54777, -10.08648, 4.7, 33.4]
[-1102, -1101, 1105, 1105, -2, -1, 0.04148, -0.03294, 1.016992, 0.2427207, -1.37777, -10.99648, 5.5, 33.4]
[-1132, -1131, 1135, 1136, 1, -1, -0.020008, -0.022448, 0.99918, 0.1027206, -1.16777, -11.41648, 5.3, 33.4]
[-1163, -1161, 1165, 1167, 0, 0, 0.003416, -0.010736, 0.98088, -0.1772794, 0.1622299, -10.36648, 200.0, 200.0]
[-1193, -1191, 1194, 1197, -2, 0, 0.049044, -0.006588, 1.010648, 0.3827207, -0.04777014, -8.756483, 9.6, 200.0]
[-1222, -1220, 1224, 1226, 0, 0, -0.003416, -0.00976, 1.019188, -0.6703146, 0.2288622, -6.947113, 8.6, 62.1]
[-1253, -1251, 1254, 1256, -2, -1, 0.03782001, -0.024644, 0.982588, 0.4496855, -0.6811378, -7.997113, 8.3, 62.2]
[-1283, -1281, 1284, 1285, -1, 0, 0.031232, 0.00488, 1.039196, 0.6596855, -0.4711378, -7.647113, 7.5, 62.2]
[-1312, -1312, 1317, 1316, -3, -1, 0.06880799, -0.02074, 1.013576, 0.3020332, -1.080951, -5.732963, 7.9, 59.6]
[-1342, -1341, 1345, 1346, -2, -1, 0.048312, -0.021716, 0.987224, 1.142033, -0.8009508, -7.972963, 5.9, 59.6]
[-1373, -1372, 1373, 1377, 0, -2, 0.008052, -0.032208, 1.003572, 0.7920332, -0.5909507, -7.622963, 5.6, 59.6]
[-1402, -1401, 1402, 1407, -3, 0, 0.053436, 0.000732, 0.9952761, 0.8635701, -1.356538, -7.040798, 9.1, 59.6]
[-1432, -1432, 1435, 1436, -2, 0, 0.037332, -0.005612, 1.027972, -0.1864299, 0.6034623, -7.600799, 10.0, 59.6]
[-1462, -1461, 1466, 1465, -3, -1, 0.0549, -0.02684, 1.020164, -0.4664298, 2.003462, -6.690798, 9.6, 58.9]
[-1492, -1491, 1495, 1496, 0, -1, 0.013176, -0.0244, 1.0309, -1.23643, -0.6565376, -9.770798, 9.6, 77.7]
[-1522, -1521, 1526, 1526, -1, -1, 0.020008, -0.026352, 0.9989361, -0.9564299, -0.02653778, -7.810798, 200.0, 58.8]
[-1552, -1551, 1555, 1555, -1, 0, 0.034404, -0.005124001, 0.9962521, -0.1864299, 0.1834623, -4.660798, 5.5, 59.0]
[-1582, -1580, 1585, 1585, -2, -1, 0.03782001, -0.019276, 1.00162, -0.5364299, -0.5865377, -9.350799, 5.5, 61.7]
[-1612, -1611, 1616, 1615, -2, 0, 0.040016, -0.008784, 1.002352, 0.1635702, 1.303462, -5.430799, 5.8, 59.3]
[-1642, -1642, 1645, 1645, -1, 0, 0.03172, -0.008540001, 0.990884, 0.4435701, -1.846538, -5.990798, 5.5, 78.7]
[-1671, -1671, 1675, 1676, -2, 0, 0.044652, 0.00488, 0.991372, 0.4435701, -1.076538, -6.690798, 5.1, 79.3]
[-1701, -1701, 1705, 1706, -4, 0, 0.06954, -0.01098, 0.990396, 0.7935701, -1.356538, -8.370798, 5.6, 60.9]
[-1732, -1731, 1734, 1737, -2, 0, 0.048556, -0.016836, 1.011868, 0.02357018, -1.286538, -3.750798, 5.6, 81.6]
[-1761, -1761, 1764, 1766, -3, 0, 0.056852, -0.005124001, 1.008208, 1.14357, -1.146538, -4.870798, 8.3, 200.0]
[-1790, -1791, 1795, 1795, -3, 0, 0.056852, 0.007808001, 1.002108, 0.02357018, 0.8134623, -5.710798, 5.6, 200.0]
[-1822, -1822, 1825, 1825, -5, -1, 0.09711201, -0.020984, 1.011136, -0.9564299, 0.7434623, -7.600799, 10.3, 200.0]
[-1851, -1851, 1855, 1856, -3, -1, 0.06344, -0.017812, 1.004548, -1.443915, 0.9729698, -8.764573, 9.1, 200.0]
[-1882, -1881, 1886, 1887, -4, -1, 0.072712, -0.019032, 1.013332, -0.8139149, 0.9729698, -7.224573, 8.6, 200.0]
[-1912, -1911, 1915, 1918, 1, 0, -0.030012, -0.009028, 1.020408, -0.883915, 1.95297, -9.324574, 7.8, 200.0]
[-1942, -1941, 1946, 1946, -2, 0, 0.035868, -0.01342, 1.003328, -0.463915, 0.9729698, -5.544574, 7.8, 200.0]
[-1973, -1971, 1974, 1976, -3, 0, 0.061732, -0.003416, 0.976976, -0.463915, -0.07703018, -5.474573, 5.9, 200.0]
[-2002, -2002, 2004, 2007, 0, 0, 0.010248, 0.009272, 1.005768, -0.8139149, -1.26703, -6.664574, 5.8, 200.0]
[-2032, -2032, 2035, 2038, -1, 0, 0.034648, -0.015128, 1.007964, -0.743915, 0.2029698, -7.784574, 5.5, 200.0]
[-2062, -2061, 2063, 2068, -2, 0, 0.045384, 0.000732, 0.98576, 0.376085, 0.9729698, -6.034574, 5.5, 200.0]
[-2093, -2091, 2092, 2098, -2, -1, 0.039772, -0.028548, 1.000888, 0.02608502, 1.74297, -7.714573, 5.5, 200.0]
[-2123, -2122, 2122, 2128, -1, 0, 0.028304, -0.010736, 1.04188, 0.166085, 0.2029698, -6.384573, 5.5, 200.0]
[-2153, -2152, 2154, 2156, -1, 0, 0.032452, -0.004636, 1.004792, 0.5976548, 0.2441196, -6.278795, 5.5, 200.0]
[-2183, -2182, 2184, 2186, 0, 0, 0.00732, 0.0, 1.010648, -0.1023452, 1.36412, -6.698795, 5.5, 200.0]
[-2213, -2212, 2215, 2218, -1, -1, 0.019032, -0.021228, 1.014552, -0.03234529, 1.57412, -9.358795, 5.5, 200.0]
[-2243, -2242, 2243, 2247, 0, 0, 0.005124001, -0.00488, 1.006256, -0.1023452, 1.01412, -8.938795, 5.1, 200.0]
[-2274, -2271, 2273, 2278, 0, 0, -0.011956, 0.008540001, 1.02358, -0.8023452, 1.64412, -10.1988, 5.1, 200.0]
[-2303, -2301, 2302, 2308, -2, 0, 0.044896, -0.008052, 1.005524, 0.6608519, 1.566162, -4.317771, 5.1, 200.0]
[-2333, -2331, 2333, 2337, 0, 0, -0.003172, -0.004148, 0.9943, 0.7308518, 0.4461615, -8.37777, 5.5, 200.0]
[-2363, -2361, 2363, 2367, 0, 0, 0.016348, 0.001708, 0.992104, 0.9408518, 0.1661615, -8.447771, 5.8, 200.0]
[-2393, -2391, 2393, 2398, 0, 1, -0.017568, 0.022448, 1.022604, 0.2408519, 0.6561615, -6.90777, 200.0, 200.0]
[-2423, -2421, 2422, 2428, -1, 0, 0.027572, 0.014152, 1.02602, 0.6441622, 1.198341, -7.136869, 5.7, 200.0]
[-2452, -2452, 2453, 2458, 0, 0, -0.013176, -0.00244, 0.9716081, 1.064162, -2.441659, -8.81687, 200.0, 200.0]
[-2482, -2482, 2483, 2487, 1, -1, -0.035136, -0.027084, 1.035536, -0.2658378, 0.4283408, -6.856869, 10.8, 200.0]
[-2513, -2511, 2512, 2517, 0, 0, 0.016104, 0.004636, 1.013332, -0.5458379, -0.6916591, -7.136869, 200.0, 200.0]
[-2543, -2541, 2544, 2545, 0, 0, 0.009272, -0.016104, 1.00406, 0.4341621, 0.8483409, -10.98687, 10.0, 200.0]
[-2573, -2572, 2575, 2577, 0, -2, 0.00122, -0.044164, 1.034316, 0.7141622, -1.671659, -11.05687, 200.0, 200.0]
[-2603, -2601, 2604, 2607, 0, -2, 0.002684, -0.03782001, 0.997228, 0.5741622, 1.618341, -10.98687, 200.0, 200.0]
[-2633, -2631, 2633, 2638, 0, 0, 0.008784, -0.004392, 0.988444, 0.5041622, 0.4983408, -8.32687, 10.0, 200.0]
[-2662, -2661, 2664, 2668, -1, 0, 0.019032, -0.008052, 0.997228, 0.3641622, -0.4116591, -7.556869, 8.6, 200.0]
[-2692, -2691, 2694, 2697, 0, 0, -0.011224, -0.003416, 0.994788, 0.9747734, -1.601488, -7.931236, 9.1, 200.0]
[-2723, -2721, 2723, 2727, 0, 0, 0.010248, 0.00976, 1.00406, 0.6947734, 1.058512, -5.761236, 9.1, 200.0]
[-2752, -2751, 2753, 2758, -1, -1, 0.024888, -0.017568, 0.9823441, 0.6247734, -0.3414881, -9.051236, 5.2, 200.0]
[-2782, -2781, 2788, 2787, 0, -1, -0.011224, -0.02074, 1.027972, 1.044773, 0.6385119, -10.31124, 9.6, 200.0]
[-2812, -2812, 2815, 2818, 0, 0, -0.014396, 0.00244, 0.99308, -0.1452266, -2.721488, -10.38124, 5.7, 200.0]
[-2842, -2842, 2844, 2847, -2, -1, 0.044896, -0.024156, 0.986492, -0.9852266, -2.931488, -10.73124, 200.0, 200.0]
[-2872, -2872, 2874, 2876, -3, -2, 0.05246, -0.048068, 0.9874681, -0.1452266, -0.9014881, -5.971236, 200.0, 45.7]
[-2902, -2901, 2904, 2905, -3, 0, 0.063684, -0.016348, 1.00284, -0.2152267, -1.601488, -11.15124, 5.3, 45.4]
[-2932, -2933, 2939, 2937, -2, 0, 0.053192, -0.008784, 1.022604, 0.06477332, -1.741488, -5.551236, 200.0, 45.4]
[-2962, -2961, 2969, 2966, -2, 0, 0.047824, 0.006099999, 1.010404, 0.2747734, -0.1314881, -5.761236, 200.0, 45.0]