-----------------------------------------------------------------------------------------------------------------------------------------
-----------------------------------------------------------------------------------------------------------------------------------------
Run 1
-----------------------------------------------------------------------------------------------------------------------------------------
-----------------------------------------------------------------------------------------------------------------------------------------
[0, 0, 0, 0, -2, 0, 0.044408, -0.000488, 0.99186, -0.1877689, -0.03095305, 0.026214, 4.1, 200.0]
[-18, -15, 23, 28, -4, 1, 0.0793, 0.023424, 0.9869801, -1.657769, 4.519047, -16.07379, 4.1, 200.0]
[-53, -50, 50, 60, -2, 1, 0.037088, 0.020252, 1.023336, 0.1622311, 3.889047, -13.83379, 4.0, 200.0]
[-83, -81, 83, 86, 0, -2, -0.008540001, -0.041724, 1.016992, -1.587769, -1.150953, -17.61379, 4.0, 200.0]
[-114, -111, 115, 116, -3, 0, 0.067588, 0.014152, 0.9911281, 0.2322311, 1.579047, -12.99379, 4.0, 200.0]
[-143, -140, 144, 146, -2, 0, 0.042212, -0.006832, 1.006988, -0.1177689, -2.130953, -14.60379, 4.0, 200.0]
[-173, -170, 175, 177, 1, 1, -0.029036, 0.026596, 1.028948, 0.2322311, -0.8009531, -15.37379, 4.0, 200.0]
[-203, -201, 205, 206, -3, 0, 0.052704, -0.013664, 0.9757561, -2.077769, -0.8009531, -16.28379, 4.0, 200.0]
[-233, -231, 235, 236, 0, 0, 0.017568, -0.000732, 1.020896, 1.422231, 0.319047, -11.10379, 4.0, 200.0]
[-266, -262, 261, 268, -3, -1, 0.062464, -0.027084, 0.9498919, 0.4422311, -0.170953, -13.76379, 4.0, 200.0]
[-294, -291, 291, 297, -3, -2, 0.068564, -0.038064, 1.009428, -1.587769, -0.3809531, -15.23379, 4.0, 200.0]
[-325, -321, 323, 327, -1, 0, 0.0305, -0.012688, 1.003328, 0.09223104, -2.760953, -13.55379, 4.0, 200.0]
[-354, -351, 355, 357, -1, 0, 0.0183, 0.006832, 0.9911281, 0.5822311, 1.089047, -13.83379, 4.0, 200.0]
[-384, -381, 383, 387, -1, -1, 0.032452, -0.027572, 1.011136, -2.147769, -0.660953, -15.16379, 4.0, 200.0]
[-412, -412, 415, 417, -2, 0, 0.04026, -0.005368, 0.974048, -0.5377689, 2.069047, -13.69379, 4.1, 200.0]
[-443, -442, 445, 447, -2, -2, 0.039284, -0.044164, 1.008208, -0.04776895, -0.730953, -15.37379, 4.1, 200.0]
[-474, -471, 474, 477, -3, -1, 0.062952, -0.024644, 0.9650201, 0.1793212, 0.5390275, -13.39923, 4.1, 200.0]
[-504, -501, 501, 506, 0, 1, -0.004148, 0.028304, 0.993812, 0.1793212, -2.890973, -13.67923, 4.0, 200.0]
[-534, -531, 534, 537, -1, 0, 0.028792, -0.014152, 0.9911281, -0.3106788, -1.560973, -13.25923, 4.0, 122.7]
[-563, -560, 564, 567, -2, -2, 0.044896, -0.042212, 1.003084, -1.129208, 1.947261, -14.74882, 4.0, 123.5]
[-593, -590, 593, 596, 0, 0, -0.00244, 0.001708, 1.012356, -0.9892078, -0.7127391, -13.41882, 4.0, 123.3]
[-626, -619, 622, 626, -1, 0, 0.019032, -0.012444, 1.006256, -2.529208, -0.7827393, -13.48882, 4.0, 124.1]
[-652, -651, 655, 655, -4, -1, 0.071248, -0.02806, 0.964044, -1.059208, -0.9227391, -15.23882, 4.0, 200.0]
[-683, -682, 685, 687, -3, 0, 0.058804, -0.000244, 1.014796, -1.549208, -2.112739, -9.918824, 4.0, 200.0]
[-712, -710, 717, 717, 0, 0, 0.009028, -0.012688, 0.980148, 1.180792, 0.6172608, -14.32882, 4.0, 200.0]
[-742, -742, 747, 748, -3, 0, 0.05246, -0.00244, 0.9838079, -1.199208, -0.3627392, -10.75882, 4.1, 200.0]
[-773, -771, 775, 777, 0, 0, 0.005856, -0.001952, 1.045296, -0.7092079, -0.7827393, -12.29882, 4.1, 200.0]
[-803, -801, 804, 806, -1, 0, 0.031232, -0.00122, 0.9943, 0.4107921, 1.177261, -12.15882, 4.0, 200.0]
[-833, -832, 835, 837, 0, -2, 0.006832, -0.044408, 0.972584, -0.7092079, -4.492739, -16.14882, 4.0, 200.0]
[-865, -862, 859, 868, -4, -1, 0.077104, -0.026596, 0.99918, 1.390792, 2.437261, -13.55882, 4.0, 200.0]
[-894, -890, 892, 897, -1, -3, 0.024644, -0.066124, 1.004304, 0.06079209, 2.577261, -14.95882, 4.0, 200.0]
[-922, -920, 924, 927, 0, 1, 0.009272, 0.034404, 1.020408, -0.5692079, -0.3627392, -15.30882, 4.0, 200.0]
[-953, -950, 954, 957, 0, -1, 0.010492, -0.029768, 1.048468, -2.039208, 0.6872608, -11.24882, 4.0, 200.0]
[-982, -981, 985, 987, -2, 0, 0.04392, 0.009028, 0.9840519, 0.6207921, 0.5472609, -11.17882, 4.0, 200.0]
[-1013, -1010, 1016, 1016, 0, -1, -0.004392, -0.027328, 0.997472, -0.9892078, -1.132739, -14.95882, 4.0, 200.0]
[-1043, -1041, 1046, 1047, -1, 0, 0.017324, -0.003904, 0.978196, -0.2192079, -0.3627392, -12.08882, 4.0, 200.0]
[-1072, -1071, 1077, 1077, 0, -2, 0.013176, -0.038064, 1.009184, 0.3407921, 0.05726087, -12.43882, 4.0, 200.0]
[-1103, -1101, 1107, 1107, 0, 0, -0.00732, -0.0122, 1.01138, -1.339208, 0.1272608, -14.04882, 4.0, 200.0]
[-1132, -1131, 1135, 1136, 0, -1, -0.01586, -0.022936, 1.061644, 0.9138449, -5.961333, -15.49178, 4.0, 200.0]
[-1164, -1162, 1161, 1169, -1, 0, 0.030744, -0.00122, 0.9940559, -0.4161551, -0.7813334, -14.93178, 4.0, 200.0]
[-1193, -1191, 1192, 1197, -3, 1, 0.054168, 0.020252, 0.980148, -1.046155, -2.391333, -12.41178, 4.0, 200.0]
[-1224, -1221, 1221, 1226, -2, 0, 0.034648, 0.000976, 0.9828321, 0.9838449, 0.1286666, -13.53178, 4.0, 200.0]
[-1253, -1250, 1255, 1257, 1, 0, -0.02074, -0.000732, 1.019432, -1.186155, -0.2913333, -13.46178, 4.0, 200.0]
[-1281, -1280, 1283, 1287, 0, -2, -0.004392, -0.039528, 1.006744, -1.816155, -0.9213333, -13.53178, 4.0, 200.0]
[-1313, -1312, 1314, 1318, 0, 0, 0.016104, 0.00122, 0.988444, -0.06615508, 3.418667, -12.90178, 4.0, 200.0]
[-1344, -1341, 1344, 1347, 0, 0, 0.003416, 0.004148, 0.9945439, -2.096155, -3.371333, -12.48178, 4.0, 200.0]
[-1373, -1371, 1374, 1376, -1, -3, 0.036844, -0.038552, 0.974536, -1.046155, 1.458667, -11.50178, 4.0, 200.0]
[-1404, -1402, 1402, 1408, -2, -1, 0.048068, -0.019276, 0.99552, 1.053845, -1.201333, -10.59178, 4.0, 200.0]
[-1435, -1431, 1433, 1437, -2, 0, 0.036112, 0.000976, 1.0248, 0.6338449, -1.341333, -12.27178, 4.0, 200.0]
[-1463, -1461, 1465, 1467, -3, -1, 0.066368, -0.028304, 1.011868, -0.5561551, 3.138667, -13.39178, 4.0, 200.0]
[-1493, -1491, 1493, 1497, 0, 0, -0.006588, -0.01586, 1.036756, -1.116155, -2.671333, -12.13178, 4.0, 200.0]
[-1524, -1522, 1523, 1527, -4, -2, 0.082228, -0.050508, 0.9940559, 1.053845, 0.5486667, -12.83178, 4.0, 200.0]
[-1553, -1552, 1555, 1557, -4, 0, 0.073444, -0.005368, 1.025776, 0.1438448, -1.761333, -10.45178, 4.0, 200.0]
[-1583, -1581, 1587, 1586, 0, 0, 0.006832, 0.009272, 1.020164, 2.173845, 1.808667, -12.69178, 4.1, 200.0]
[-1613, -1612, 1618, 1616, -4, -1, 0.077348, -0.030012, 1.07482, -3.846155, -0.5013332, -20.04178, 4.1, 200.0]
[-1643, -1641, 1643, 1648, -2, -1, 0.043676, -0.018056, 1.008452, -0.9061551, 1.458667, -13.60178, 4.0, 200.0]
[-1674, -1670, 1673, 1678, 0, 0, -0.00976, -0.004636, 1.02602, -0.4161551, 1.178667, -11.57178, 4.1, 200.0]
[-1705, -1701, 1701, 1707, -5, -2, 0.102724, -0.041724, 1.015772, 0.5638449, -3.511333, -15.21178, 4.0, 200.0]
[-1733, -1731, 1733, 1736, -3, -1, 0.062708, -0.024156, 0.9767321, 0.6338449, -0.2213334, -11.92178, 4.0, 200.0]
[-1765, -1761, 1763, 1767, -1, -1, 0.02684, -0.026108, 1.012356, -0.1361551, -2.181333, -10.73178, 4.0, 200.0]
[-1796, -1791, 1794, 1797, -1, -1, 0.02806, -0.033184, 1.053104, 0.07384491, -2.601333, -12.41178, 4.1, 200.0]
[-1826, -1822, 1825, 1828, -1, -2, 0.031964, -0.037088, 1.048712, -0.4161551, -1.551333, -11.22178, 4.0, 200.0]
[-1852, -1851, 1852, 1858, -2, 0, 0.0427, 0.00244, 1.011136, 0.003844857, -0.5713334, -10.73178, 4.0, 200.0]
[-1883, -1882, 1884, 1887, -1, 0, 0.026352, -0.00976, 1.075308, -1.956155, -0.8513334, -11.85178, 4.0, 59.7]
[-1914, -1911, 1915, 1916, -1, 1, 0.0244, 0.028548, 1.010404, -1.186155, 0.6886666, -10.31178, 4.0, 200.0]
[-1944, -1942, 1946, 1946, -5, -3, 0.09564799, -0.062464, 0.960872, 0.6338449, -5.471334, -12.13178, 4.0, 200.0]
[-1974, -1971, 1973, 1977, -2, -1, 0.042212, -0.026108, 0.980636, -0.2061551, 2.298667, -11.36178, 4.0, 200.0]
[-2003, -2001, 2002, 2008, 0, 1, 0.010248, 0.032696, 1.030656, -0.766155, 0.05866671, -11.08178, 4.0, 200.0]
[-2034, -2031, 2033, 2037, -2, 0, 0.036356, -0.012932, 0.983076, -0.9761551, -1.061333, -13.39178, 4.0, 200.0]
[-2065, -2061, 2064, 2067, -2, 0, 0.040016, -0.005856, 1.010892, 0.9138449, 0.7586666, -12.83178, 4.0, 200.0]
[-2093, -2092, 2092, 2097, 0, 0, 0.009028, -0.013176, 1.031632, -0.9061551, -3.581333, -9.611782, 4.0, 200.0]
[-2125, -2122, 2123, 2127, 0, 0, 0.013176, -0.00244, 1.023336, -0.6961551, -0.7813334, -12.34178, 4.0, 200.0]
[-2154, -2151, 2154, 2158, -1, 0, 0.02562, 0.015128, 1.014064, 0.1438448, 0.5486667, -12.48178, 4.0, 200.0]
[-2183, -2181, 2184, 2188, -2, 0, 0.046116, 0.007076, 1.024068, -1.746155, 1.528667, -11.99178, 4.0, 200.0]
[-2213, -2211, 2213, 2218, -1, -1, 0.02318, -0.031476, 1.006256, -2.096155, -2.041333, -13.39178, 4.0, 200.0]
[-2244, -2241, 2244, 2246, 0, -1, -0.013664, -0.02318, 0.980148, 0.003844857, -2.881333, -13.74178, 4.0, 200.0]
[-2274, -2271, 2275, 2276, 0, 0, 0.010736, -0.01098, 1.018212, -0.4161551, -1.621333, -11.99178, 4.0, 200.0]
[-2304, -2302, 2306, 2306, -3, 1, 0.066368, 0.01708, 0.975024, 1.893845, -0.01133335, -10.03178, 4.0, 200.0]
[-2333, -2330, 2333, 2338, 0, 1, 0.002196, 0.033428, 1.025288, -0.2061551, -0.1513333, -10.66178, 4.0, 200.0]
[-2362, -2361, 2363, 2368, -1, 0, 0.031964, 0.011956, 1.00284, 0.07384491, 1.108667, -11.50178, 4.0, 200.0]
[-2394, -2391, 2393, 2398, -2, 0, 0.03904, -0.007076, 0.993568, 0.4938449, 0.1986667, -11.71178, 4.0, 200.0]
[-2424, -2421, 2423, 2427, -1, 1, 0.026596, 0.021716, 1.033828, -1.186155, -2.601333, -10.38178, 4.0, 200.0]
[-2453, -2452, 2454, 2456, -2, 0, 0.037332, 0.01586, 1.021384, -0.6261551, -0.4313333, -10.87178, 4.0, 200.0]
[-2484, -2481, 2482, 2487, -3, 0, 0.05929201, -0.006099999, 0.9896641, -0.4861551, -0.4313333, -11.15178, 4.0, 200.0]
[-2513, -2513, 2517, 2516, -3, -1, 0.050996, -0.012444, 0.992104, -1.046155, 2.788667, -13.74178, 4.1, 200.0]
[-2544, -2541, 2545, 2547, -1, -2, 0.031232, -0.045628, 1.0004, -0.6261551, 1.178667, -13.25178, 4.0, 200.0]
[-2573, -2571, 2573, 2578, 0, 0, 0.003904, -0.017812, 1.023824, -2.026155, -0.5713334, -10.59178, 4.0, 200.0]
[-2603, -2602, 2602, 2606, -1, 0, 0.024888, -0.000732, 0.9674601, -2.096155, -2.601333, -15.07178, 4.0, 200.0]
[-2633, -2632, 2635, 2635, -1, 0, 0.027816, -0.007564, 1.02236, -0.6961551, 0.8986667, -11.99178, 4.0, 200.0]
[-2664, -2661, 2665, 2666, 0, 0, 0.01098, 0.004148, 1.003572, 1.613845, 0.9686666, -11.71178, 4.0, 200.0]
[-2694, -2691, 2693, 2696, -4, -2, 0.07808001, -0.043676, 1.005768, -2.236155, -1.551333, -11.64178, 4.0, 200.0]
[-2723, -2720, 2725, 2727, -1, -2, 0.028304, -0.049532, 1.003328, -0.6261551, 1.808667, -14.58178, 4.0, 200.0]
[-2753, -2750, 2753, 2757, -2, -2, 0.04026, -0.037088, 0.9828321, -1.116155, 2.368667, -11.85178, 4.0, 200.0]
[-2783, -2780, 2783, 2786, -3, 0, 0.064172, -0.003904, 0.9845401, 0.4938449, -0.3613334, -11.36178, 4.0, 200.0]
[-2813, -2811, 2817, 2815, 0, 0, 0.00122, -0.005368, 1.029436, -0.4861551, 0.1286666, -11.36178, 4.0, 200.0]
[-2843, -2841, 2846, 2847, -1, 2, 0.028304, 0.039528, 0.993812, 0.2138449, -0.3613334, -10.80178, 4.0, 200.0]
[-2873, -2871, 2875, 2877, 0, -2, 0.009272, -0.03538, 0.993568, 0.7038449, 0.9686666, -12.48178, 4.0, 200.0]
[-2903, -2902, 2907, 2906, -3, 0, 0.051484, -0.011468, 0.972096, 0.1438448, 2.088667, -11.71178, 4.1, 200.0]
[-2933, -2931, 2935, 2937, -2, -1, 0.05002, -0.018056, 0.986492, 1.473845, 3.278667, -15.49178, 4.1, 200.0]
[-2964, -2962, 2964, 2969, -1, 0, 0.022936, 0.000488, 1.000156, -0.2061551, 2.228667, -12.20178, 4.1, 200.0]