Run 1
-----------------------------------------------------------------------------------------------------------------------------------------
-----------------------------------------------------------------------------------------------------------------------------------------
[0, 0, 0, 0, -2, 0, 0.038796, -0.003416, 0.997228, -0.07365501, 0.003828406, -0.3998531, 6.2, 200.0]
[-20, 22, 23, -29, -1, 0, 0.033916, -0.015372, 0.9984481, -0.423655, -2.516172, 0.7201469, 5.1, 200.0]
[-49, 49, 63, -62, -3, 0, 0.061244, -0.01586, 1.011136, -0.213655, 0.1438284, -1.519853, 5.5, 200.0]
[-82, 82, 88, -88, -3, 0, 0.055876, -0.003416, 0.988444, -0.703655, 0.3538284, -0.3298531, 7.4, 200.0]
[-112, 113, 116, -118, -1, 0, 0.025132, 0.00366, 0.989908, 0.6963449, 2.243828, -1.169853, 5.5, 200.0]
[-141, 142, 147, -147, -3, 0, 0.054168, -0.011224, 0.998692, -0.2836551, -2.446172, 0.3001469, 7.4, 200.0]
[-172, 172, 176, -176, -8, -1, 0.149328, -0.019764, 0.987712, -0.773655, 1.193828, -0.3298531, 5.9, 200.0]
[-202, 203, 205, -208, -3, 0, 0.06466001, 0.009272, 1.010648, 1.046345, -0.7661717, 1.000147, 5.9, 200.0]
[-232, 232, 234, -236, -5, 0, 0.09320801, -0.015128, 1.019676, -0.2836551, -4.266171, -1.239853, 5.9, 200.0]
[-262, 262, 266, -266, -3, 0, 0.06880799, 0.017324, 1.012844, -0.703655, -0.4861715, -0.8898531, 8.6, 200.0]
[-292, 293, 298, -296, 0, 0, 0.014152, -0.002684, 1.001376, -1.473655, 3.573828, -0.2598531, 8.6, 200.0]
[-322, 323, 327, -326, -1, 0, 0.028304, 0.010248, 0.993812, -0.703655, -0.2761716, 0.5101469, 8.6, 200.0]
[-352, 353, 355, -356, -3, 0, 0.063196, 0.008784, 0.9840519, -0.003655076, 2.663828, 0.650147, 9.5, 200.0]
[-382, 383, 385, -388, -3, 0, 0.05978, 0.010492, 0.9845401, -0.003655076, 0.7738284, 1.420147, 200.0, 200.0]
[-412, 412, 415, -417, -4, -1, 0.079056, -0.020984, 1.010892, -0.423655, 4.203828, 0.3001469, 9.1, 200.0]
[-442, 442, 445, -446, -5, 0, 0.099308, -0.016836, 0.992592, 0.766345, -1.046172, -1.379853, 5.6, 200.0]
[-471, 472, 475, -477, -4, -1, 0.083204, -0.02806, 0.99796, 0.136345, -0.7661717, -0.4698531, 8.3, 200.0]
[-501, 502, 506, -506, -2, 0, 0.04148, 0.006099999, 0.9994241, 0.276345, 1.123828, -1.869853, 6.3, 200.0]
[-532, 533, 536, -536, -4, -2, 0.070028, -0.036844, 0.98576, 1.956345, -0.4861715, -0.4698531, 6.3, 200.0]
[-561, 563, 565, -567, -4, 0, 0.077104, 0.016348, 0.9818561, 0.556345, -0.3461716, -1.099853, 5.5, 200.0]
[-591, 592, 596, -596, -3, 0, 0.055388, -0.011468, 1.005524, -1.403655, 0.4938284, -0.6098531, 7.8, 200.0]
[-621, 623, 624, -625, -5, 0, 0.102968, -0.009516, 0.982588, 0.136345, -3.496172, -3.129853, 7.9, 200.0]
[-652, 653, 655, -655, -3, 1, 0.054168, 0.023912, 1.019676, 0.626345, 0.2138284, 1.630147, 9.1, 200.0]
[-681, 683, 687, -687, -2, 0, 0.049044, 0.016348, 0.996496, 0.486345, 0.2138284, 1.210147, 5.9, 200.0]
[-711, 713, 716, -716, -3, 1, 0.05734, 0.030256, 1.014308, -0.6336551, 0.003828406, 1.280147, 8.3, 200.0]
[-742, 743, 745, -747, -4, 0, 0.079544, -0.005856, 0.996008, 1.045171, 1.759587, -1.012016, 9.5, 200.0]
[-772, 772, 775, -777, -5, -2, 0.09052401, -0.0366, 1.018212, -0.5648293, 0.1495866, -0.3120158, 9.1, 200.0]
[-802, 802, 805, -807, -2, 0, 0.050264, -0.007808001, 0.9962521, 0.7651706, 1.339587, -1.222016, 8.6, 200.0]
[-832, 832, 835, -838, -2, 0, 0.046116, 0.016836, 1.00162, -0.07482934, 2.179587, 0.7379842, 5.6, 200.0]
[-861, 862, 867, -866, -1, 0, 0.027328, 0.013176, 0.9906401, -0.4959619, 0.9068888, 0.9590893, 5.9, 200.0]
[-892, 891, 896, -896, -4, 0, 0.07246799, 0.005856, 0.978684, -0.07596183, 2.446889, 0.04908919, 7.9, 200.0]
[-921, 922, 926, -928, -4, 0, 0.075884, 0.01586, 0.9950319, 0.6940382, -0.1431112, 0.5390892, 200.0, 200.0]
[-952, 952, 954, -956, -3, 0, 0.065148, -0.008540001, 1.005036, -0.07596183, -0.4931111, -3.030911, 200.0, 200.0]
[-981, 982, 984, -984, -2, -1, 0.035624, -0.019032, 0.9928361, -0.2159618, 1.606889, -1.630911, 9.5, 200.0]
[-1011, 1013, 1018, -1015, -3, 0, 0.062952, -0.010004, 1.024068, 0.7640381, 0.9068888, -1.630911, 9.5, 200.0]
[-1042, 1043, 1048, -1045, -2, 0, 0.040992, -0.001952, 1.006012, -0.2159618, -0.2131113, -0.09091073, 6.3, 200.0]
[-1071, 1073, 1076, -1077, -4, 0, 0.074176, 0.009028, 1.026752, 0.5540381, -1.753111, 0.2590892, 7.9, 200.0]
[-1102, 1103, 1105, -1107, -3, -1, 0.052216, -0.022936, 0.994788, -0.1459619, 3.076889, 0.1890893, 9.1, 200.0]
[-1132, 1132, 1134, -1136, -4, 0, 0.08369201, 0.017324, 1.00284, 0.2040381, 2.306889, -0.4409108, 7.9, 200.0]
[-1162, 1162, 1165, -1166, -3, 0, 0.063684, -0.010492, 0.9994241, 1.254038, -1.193111, -2.540911, 6.3, 200.0]
[-1192, 1193, 1194, -1196, -2, 0, 0.046116, -0.00488, 1.0126, -0.6359619, 1.326889, 0.9590893, 5.6, 200.0]
[-1221, 1222, 1226, -1226, -2, 0, 0.048312, -0.01708, 0.990396, 0.5540381, 0.9768888, 0.8190893, 6.7, 200.0]
[-1252, 1252, 1256, -1257, -3, 0, 0.055144, 0.003172, 0.996496, 1.254038, -2.173111, 0.6090893, 5.5, 200.0]
[-1282, 1282, 1284, -1287, -3, 0, 0.06832001, -0.005612, 1.023824, 1.464038, 2.236889, -0.1609107, 6.3, 200.0]
[-1312, 1312, 1314, -1316, -5, -1, 0.087108, -0.020984, 0.9916161, -1.125962, -2.033111, -1.630911, 7.8, 200.0]
[-1342, 1342, 1345, -1345, -4, 0, 0.082228, 0.000244, 1.004548, -0.7759619, -0.4931111, 0.04908919, 5.9, 200.0]
[-1372, 1372, 1376, -1377, -2, 0, 0.038064, -0.002684, 0.9957641, 0.2740381, 0.8368888, 0.2590892, 6.3, 200.0]
[-1402, 1402, 1407, -1406, -4, 0, 0.07686, 0.006832, 1.02236, -0.1459619, 0.9068888, 0.1190892, 8.4, 200.0]
[-1431, 1432, 1436, -1437, -3, 0, 0.05904799, 0.003416, 1.021628, 0.4840382, -3.153111, 0.5390892, 5.6, 200.0]
[-1462, 1462, 1466, -1468, -4, 0, 0.072224, -0.005124001, 1.0126, -0.2184579, -2.022821, -0.07353324, 10.0, 200.0]
[-1492, 1492, 1495, -1497, -3, 0, 0.053192, 0.003904, 0.985516, -0.3584579, 1.057179, 0.4864668, 9.9, 200.0]
[-1522, 1522, 1524, -1525, -1, -1, 0.033184, -0.018544, 1.001132, 0.831542, 0.4971788, -0.9835333, 9.5, 200.0]
[-1552, 1552, 1554, -1557, -3, 0, 0.064416, 0.01342, 0.9874681, 0.271542, 2.037179, -0.4935332, 9.5, 200.0]
[-1581, 1582, 1586, -1586, -3, 0, 0.064904, -0.005368, 0.988932, -0.2184579, 0.2171788, -0.003533244, 9.9, 200.0]
[-1612, 1611, 1616, -1617, -2, -1, 0.03782001, -0.024156, 1.00284, 0.4815421, -1.672821, 0.2764667, 8.3, 200.0]
[-1642, 1642, 1644, -1646, -2, 1, 0.040992, 0.021228, 0.9923479, -0.2184579, 0.4971788, -0.4235332, 9.1, 200.0]
[-1672, 1672, 1675, -1676, -4, 0, 0.081496, -0.00244, 1.032364, -0.498458, -2.722821, -0.5635333, 7.9, 200.0]
[-1702, 1702, 1705, -1706, -2, 0, 0.045384, 0.003172, 0.99308, -0.568458, 0.3571788, -1.053533, 9.1, 200.0]
[-1732, 1732, 1734, -1736, 0, 0, 0.016348, 0.000732, 1.02602, 0.201542, 1.617179, -1.053533, 200.0, 200.0]
[-1762, 1762, 1766, -1765, -3, 0, 0.066856, -0.00732, 1.013332, 0.271542, 0.1471788, -0.5635333, 10.3, 200.0]
[-1792, 1792, 1796, -1797, -5, -1, 0.09711201, -0.017812, 1.000644, 0.9015421, -2.232821, -1.753533, 200.0, 200.0]
[-1822, 1822, 1826, -1828, -4, 0, 0.070516, 0.001952, 0.993568, 0.621542, 2.247179, 0.3464668, 200.0, 200.0]
[-1852, 1851, 1855, -1857, -2, 2, 0.039284, 0.035136, 0.9711201, -0.428458, 2.457179, 1.746467, 6.1, 200.0]
[-1882, 1882, 1885, -1887, -3, 0, 0.05856, -0.007564, 1.001132, 0.4815421, 1.337179, -2.173533, 6.1, 200.0]
[-1912, 1912, 1916, -1917, -2, 0, 0.048068, -0.000976, 1.028948, -0.148458, 2.107179, -0.5635333, 9.5, 200.0]
[-1941, 1943, 1947, -1945, -4, 0, 0.077592, -0.011956, 0.997472, 0.411542, 0.3571788, -0.7035333, 10.0, 200.0]
[-1972, 1972, 1977, -1977, -3, 0, 0.066856, -0.011956, 1.009916, 0.4815421, -0.9728211, 1.676467, 5.6, 200.0]
[-2001, 2001, 2005, -2008, -3, 0, 0.067832, 0.004636, 1.042368, 0.971542, -1.742821, 0.9764668, 9.5, 200.0]
[-2033, 2031, 2034, -2036, -4, 0, 0.076128, -0.001952, 0.997228, 0.621542, 0.3571788, -1.823533, 9.1, 200.0]
[-2063, 2062, 2065, -2066, 0, 0, -0.00366, -0.007564, 1.005524, -0.2184579, 1.617179, -0.4235332, 9.5, 200.0]
[-2092, 2092, 2095, -2095, -2, 0, 0.040992, -0.017568, 1.006744, 0.971542, -0.2028213, -0.2835333, 5.9, 200.0]
[-2122, 2122, 2127, -2125, -3, 0, 0.067832, -0.00366, 1.003572, -0.428458, -0.9028212, -0.4235332, 8.7, 200.0]
[-2153, 2152, 2156, -2157, -3, -1, 0.061976, -0.028548, 1.011624, 0.411542, -2.092821, 0.1364667, 9.1, 200.0]
[-2183, 2182, 2186, -2188, -4, 0, 0.0793, 0.006099999, 1.006744, 0.06154203, 1.547179, -1.823533, 9.9, 200.0]
[-2212, 2212, 2216, -2217, -4, 1, 0.071492, 0.021716, 0.9940559, 0.06154203, 0.007178783, -0.4935332, 10.3, 200.0]
[-2243, 2241, 2245, -2246, -2, -1, 0.050264, -0.018788, 0.992592, -0.07845795, 2.597179, -0.4235332, 10.0, 200.0]
[-2273, 2272, 2274, -2277, -3, 0, 0.069052, 0.000976, 1.005524, -0.288458, 0.3571788, 0.4164667, 200.0, 200.0]
[-2302, 2301, 2305, -2306, -1, 0, 0.031476, -0.00366, 1.001376, 1.321542, 2.317179, 0.9064667, 10.0, 200.0]
[-2332, 2331, 2337, -2337, -1, 1, 0.019032, 0.017568, 0.986736, 0.341542, 2.737179, 0.2764667, 10.7, 200.0]
[-2363, 2361, 2366, -2367, -4, -1, 0.082228, -0.032696, 1.031144, -0.638458, -1.182821, -2.103533, 200.0, 200.0]
[-2393, 2391, 2394, -2396, -3, 0, 0.055632, -0.001708, 1.002596, 0.271542, 3.507179, -0.2135333, 200.0, 200.0]
[-2423, 2422, 2425, -2425, -5, 0, 0.107848, 0.005856, 1.041148, 1.041542, -1.742821, -0.07353324, 9.6, 200.0]
[-2452, 2452, 2457, -2455, -3, 0, 0.055632, 0.01464, 1.009428, -0.428458, 1.897179, -1.543533, 5.9, 200.0]
[-2482, 2483, 2488, -2485, -2, 0, 0.051484, -0.002196, 0.988444, -1.478458, 5.327179, 0.4164667, 9.1, 200.0]
[-2513, 2512, 2517, -2517, -4, -1, 0.081252, -0.025376, 1.009672, 0.6915421, -1.812821, -0.003533244, 9.2, 200.0]
[-2543, 2542, 2546, -2548, -3, 0, 0.06563601, -0.009028, 1.00284, -0.288458, -2.302821, -0.003533244, 10.3, 200.0]
[-2572, 2572, 2575, -2576, -4, -1, 0.07808001, -0.024156, 1.027484, 1.461542, -0.7628213, -1.263533, 200.0, 200.0]
[-2602, 2602, 2605, -2606, -5, 0, 0.087352, 0.006099999, 1.005524, 0.831542, 0.1471788, -0.7735332, 200.0, 200.0]
[-2632, 2632, 2635, -2637, -5, 1, 0.0915, 0.025132, 1.002108, 1.111542, 0.4271788, -0.4935332, 9.1, 200.0]
[-2661, 2662, 2666, -2665, -3, 0, 0.057828, -0.015616, 1.0004, 0.201542, 0.07717884, -0.4235332, 200.0, 200.0]
[-2692, 2692, 2697, -2696, -3, 0, 0.061488, 0.001708, 0.959896, 0.341542, 0.07717884, 0.5564667, 9.1, 200.0]
[-2722, 2723, 2726, -2727, 0, 0, -0.005124001, -0.00244, 1.02236, 0.551542, -0.6928211, -0.7035333, 6.7, 200.0]
[-2752, 2752, 2755, -2756, -3, 0, 0.064904, 0.011712, 1.044564, 0.411542, -4.192821, -0.4935332, 8.4, 200.0]
[-2782, 2782, 2786, -2785, -3, -1, 0.06539201, -0.022692, 1.013332, -0.428458, 0.2871788, -0.6335332, 9.1, 200.0]
[-2812, 2812, 2816, -2815, -3, 0, 0.06588, -0.007564, 0.98576, -0.2184579, 0.4271788, -0.1435332, 200.0, 200.0]
[-2842, 2843, 2847, -2846, 0, 0, 0.010492, -0.011224, 0.9845401, 0.1315421, 1.687179, -0.003533244, 8.0, 200.0]
[-2872, 2872, 2876, -2877, -2, 0, 0.0366, 0.006099999, 1.02602, -0.008458018, 0.07717884, 1.046467, 200.0, 200.0]
[-2902, 2902, 2905, -2908, -4, 0, 0.07564001, -0.009516, 1.028704, 0.1315421, -0.5528213, 0.06646669, 8.7, 200.0]
[-2932, 2932, 2935, -2937, -4, -1, 0.089304, -0.025132, 1.021628, -0.9884581, 2.597179, 0.2064668, 9.9, 200.0]
[-2962, 2962, 2965, -2967, -3, -1, 0.05734, -0.024156, 0.996984, 0.831542, -0.1328212, -2.383533, 9.5, 200.0]