-----------------------------------------------------------------------------------------------------------------------------------------
-----------------------------------------------------------------------------------------------------------------------------------------
Run 1
-----------------------------------------------------------------------------------------------------------------------------------------
-----------------------------------------------------------------------------------------------------------------------------------------
[0, 0, 0, 0, 0, -1, 0.004148, -0.02074, 0.9945439, -0.1808858, -0.1233821, -0.01870579, 4.0, 109.6]
[18, 24, -22, -27, 0, 0, 0.006099999, -0.014152, 1.003084, 1.288318, -6.561893, 1.239688, 4.0, 109.1]
[53, 51, -53, -54, -2, 0, 0.038308, 0.002196, 0.9411079, -3.681682, -2.921894, 5.369687, 4.0, 109.2]
[83, 88, -84, -84, -2, 0, 0.049776, 0.011956, 1.023092, -0.6716819, -1.381894, 1.169688, 4.2, 110.1]
[113, 117, -114, -112, -1, -3, 0.021716, -0.060756, 0.977952, 0.7283182, 4.708106, 2.359688, 4.2, 110.0]
[146, 147, -144, -142, 0, 0, 0.012444, 0.018544, 1.064572, 3.178318, 3.798106, 2.009687, 5.1, 110.4]
[174, 176, -174, -175, 0, 0, -0.007808001, 0.000732, 0.9340321, -0.8116818, 4.288106, 7.539687, 8.3, 110.4]
[198, 207, -207, -202, -1, 0, 0.0183, -0.007564, 1.04554, -1.441682, -1.241894, 3.619687, 5.2, 200.0]
[234, 235, -234, -235, -1, -2, 0.0366, -0.040504, 1.104588, -0.8116818, -4.671894, 4.389688, 9.1, 200.0]
[261, 264, -264, -264, 0, -3, 0.000244, -0.060024, 0.9010921, 1.988318, 0.9981064, -0.8603125, 200.0, 200.0]
[294, 296, -295, -295, -2, 4, 0.035624, 0.0732, 0.957944, 1.918318, -4.461894, 4.949688, 8.7, 200.0]
[322, 326, -326, -325, 1, 0, -0.01952, 0.009028, 1.011136, -0.04168177, 1.418106, 7.819687, 9.2, 200.0]
[353, 356, -356, -356, -1, 0, 0.030012, 0.011956, 1.024556, 1.008318, -1.591894, 6.139688, 5.6, 200.0]
[385, 383, -383, -385, 0, -9, -0.015128, -0.157136, 0.926224, 3.738318, 6.598106, 8.799687, 5.4, 200.0]
[415, 415, -414, -415, 0, 0, 0.000976, -0.002684, 1.029924, 0.5883182, 6.318107, 7.469687, 4.3, 200.0]
[446, 445, -443, -447, -3, 0, 0.05612, -0.00732, 1.000156, 0.5883182, -1.941894, 2.989687, 8.7, 200.0]
[475, 471, -474, -473, -12, -4, 0.177388, -0.067588, 0.772748, -0.04168177, 1.278106, 5.509687, 4.4, 200.0]
[503, 507, -505, -505, 3, 0, -0.054168, -0.012688, 1.015772, 0.1683182, -0.2618936, -4.430312, 4.1, 200.0]
[535, 537, -535, -535, 1, -1, -0.018788, -0.018544, 1.021384, -4.381681, 7.088106, 10.12969, 4.4, 200.0]
[562, 565, -565, -565, 0, 0, -0.00488, 0.007564, 0.9813681, 1.848318, -0.1918937, 12.99969, 9.6, 200.0]
[591, 595, -594, -593, 0, -5, 0.010492, -0.09516, 0.9706321, 1.288318, -8.031894, 2.009687, 5.4, 200.0]
[627, 625, -627, -624, -3, 0, 0.053436, -0.014152, 0.9225639, 0.02831817, 0.9281064, 0.1896875, 4.0, 200.0]
[658, 656, -653, -653, -4, 1, 0.07686, 0.031232, 0.9589199, 0.2383182, -0.4718935, 6.349688, 4.4, 200.0]
[683, 683, -684, -685, -2, 0, 0.04148, -0.00976, 1.037732, -1.161682, -2.151894, 3.759688, 5.0, 200.0]
[714, 712, -714, -717, -1, 0, 0.031476, -0.014884, 1.025776, 1.148318, -0.4718935, 0.9596874, 4.6, 200.0]
[741, 747, -747, -744, -2, 0, 0.042944, -0.003416, 0.9967401, 1.918318, -1.381894, 7.189688, 4.3, 200.0]
[772, 772, -771, -776, -2, 1, 0.04392, 0.025376, 0.9994241, 0.4483182, -0.1918937, 4.319688, 8.5, 200.0]
[807, 805, -805, -803, -2, 0, 0.052704, 0.015372, 1.012356, 0.7283182, -0.05189371, 4.459687, 4.4, 200.0]
[832, 832, -831, -836, -2, -1, 0.03904, -0.024644, 1.00894, 0.09831816, 1.558106, 5.929688, 4.4, 200.0]
[868, 868, -866, -868, -2, 2, 0.034648, 0.040992, 0.924516, 1.568318, 0.4381063, 11.31969, 4.7, 200.0]
[898, 898, -894, -897, -3, 0, 0.060512, -0.008296, 1.067256, 1.778318, 1.348106, 2.499687, 4.7, 200.0]
[918, 924, -926, -923, -1, 0, 0.023668, -0.00488, 0.962092, -0.5316818, -1.381894, 5.719687, 5.8, 200.0]
[956, 955, -955, -955, 0, -2, -0.008296, -0.035868, 0.92964, 1.918318, 4.918106, 9.849688, 8.7, 200.0]
[983, 984, -985, -986, 0, 1, 0.008052, 0.02074, 0.97356, 0.1683182, 0.9281064, 12.15969, 4.6, 200.0]
[1015, 1014, -1014, -1016, 1, -5, -0.028304, -0.104188, 1.018456, 5.978318, 11.49811, 6.629687, 9.8, 200.0]
[1046, 1043, -1042, -1045, -2, 0, 0.038308, 0.010492, 0.965264, 2.828318, -4.531894, 3.619687, 4.7, 200.0]
[1075, 1073, -1073, -1076, -2, 0, 0.040748, -0.00976, 1.006744, 0.2383182, -5.091894, 8.449687, 4.4, 200.0]
[1104, 1103, -1106, -1106, -5, -4, 0.080764, -0.079544, 0.911828, 4.508318, 11.70811, 2.359688, 4.4, 200.0]
[1135, 1137, -1134, -1136, 0, 0, 0.01098, 0.001952, 1.0126, 1.288318, -1.171894, 5.579687, 5.0, 200.0]
[1163, 1164, -1163, -1164, 1, -1, -0.016836, -0.021472, 0.94672, -3.611682, -2.431894, 5.509687, 4.0, 200.0]
[1198, 1192, -1192, -1194, -5, 0, 0.08369201, 0.009272, 0.9415959, 0.9383182, -1.171894, 4.459687, 4.3, 200.0]
[1223, 1228, -1225, -1224, 4, -2, -0.087108, -0.05368, 1.16388, -4.801682, 0.2981063, 4.179688, 7.8, 200.0]
[1255, 1257, -1257, -1251, 3, 0, -0.061, -0.016104, 1.114104, -0.04168177, -1.801894, 6.769688, 4.4, 200.0]
[1283, 1284, -1285, -1286, 0, 0, -0.006344, 0.000732, 0.989176, -3.261682, -2.711894, 2.149688, 4.7, 200.0]
[1314, 1316, -1314, -1314, -1, -1, 0.028792, -0.025864, 1.057984, -1.231682, -3.411894, 7.819687, 4.0, 200.0]
[1344, 1344, -1342, -1343, 0, 0, 0.011468, 0.010736, 1.056276, 0.4483182, -0.05189371, 3.479687, 200.0, 200.0]
[1377, 1371, -1372, -1377, -4, 0, 0.078812, 0.004392, 0.9645321, -1.931682, -0.2618936, 5.299687, 4.7, 200.0]
[1405, 1406, -1404, -1407, 0, 1, -0.000244, 0.027816, 0.924272, -5.011682, 0.01810634, 3.619687, 7.8, 200.0]
[1432, 1438, -1433, -1435, -3, -1, 0.058804, -0.025132, 1.006256, 2.338318, 3.518106, 0.1196875, 4.3, 200.0]
[1463, 1467, -1464, -1466, -1, -1, 0.030988, -0.027816, 0.984784, -6.831682, -11.60189, 2.709687, 4.7, 200.0]
[1493, 1495, -1494, -1497, 0, -2, 0.003904, -0.053192, 1.01626, 1.148318, 6.458106, 6.279688, 4.4, 200.0]
[1526, 1525, -1524, -1526, 1, 0, -0.02562, -0.000976, 1.064572, -0.1116818, -4.181893, 5.509687, 4.4, 200.0]
[1554, 1556, -1555, -1553, -1, 1, 0.028548, 0.0244, 0.99186, 0.7283182, 2.258106, 6.209687, 5.5, 200.0]
[1583, 1583, -1585, -1583, -3, 0, 0.06539201, -0.004392, 0.966484, 2.198318, 2.818106, 6.559688, 6.9, 200.0]
[1615, 1612, -1614, -1615, 1, 0, -0.030256, 0.008784, 0.982588, -1.651682, 3.378106, 11.66969, 200.0, 200.0]
[1645, 1645, -1645, -1645, -5, 0, 0.085156, 0.000244, 0.953796, -3.471682, -6.421894, 9.639688, 4.3, 200.0]
[1672, 1678, -1676, -1674, -2, 0, 0.049776, 0.001464, 0.9645321, 3.108318, 7.368107, -0.4403125, 6.2, 200.0]
[1704, 1705, -1703, -1707, -1, 2, 0.033916, 0.035624, 0.9711201, 0.4483182, 0.08810639, 4.109688, 200.0, 200.0]
[1737, 1736, -1733, -1736, 0, 0, 0.007564, -0.00732, 1.146068, 5.698318, 0.1581063, 4.739688, 4.4, 200.0]
[1761, 1768, -1767, -1765, 0, 5, 0.00244, 0.09516, 1.026996, -0.1816819, -1.731894, 5.089687, 4.4, 200.0]
[1793, 1796, -1794, -1794, -1, -2, 0.026596, -0.03416, 0.9698999, 2.758318, 3.798106, 6.909688, 4.4, 200.0]
[1827, 1825, -1824, -1823, -2, 2, 0.05368, 0.0427, 1.074576, 3.388318, -3.271894, 7.259687, 4.4, 200.0]
[1855, 1856, -1852, -1855, -1, -1, 0.023424, -0.0183, 1.006012, -0.1816819, 5.548106, 11.59969, 5.8, 200.0]
[1888, 1884, -1883, -1886, 0, -3, 0.012688, -0.063196, 0.97478, 0.5883182, 3.518106, 5.089687, 5.8, 200.0]
[1915, 1915, -1914, -1913, 1, -1, -0.025132, -0.036112, 1.093852, 0.8683182, 5.128106, 4.599688, 5.0, 67.2]
[1943, 1946, -1943, -1942, 0, 1, 0.014396, 0.030988, 0.984296, -0.3916818, 1.488106, 3.479687, 5.0, 67.1]
[1970, 1976, -1975, -1975, 0, 0, 0.001464, -0.01342, 0.963068, 0.8683182, 4.218106, 6.419687, 6.1, 66.6]
[2003, 2005, -2005, -2003, -1, 1, 0.018056, 0.019032, 0.959408, 1.218318, -0.1918937, 6.839687, 4.6, 66.5]
[2033, 2035, -2036, -2033, 2, 0, -0.048068, 0.000488, 0.979172, -2.351682, -0.8918936, 10.47969, 4.6, 65.9]
[2065, 2064, -2066, -2064, 1, 0, -0.021228, -0.002928, 0.978928, -0.5316818, -2.361894, 9.289687, 4.3, 65.8]
[2096, 2097, -2096, -2093, 5, -11, -0.091256, -0.186172, 0.9059721, -4.451682, -10.76189, 7.399688, 4.0, 65.2]
[2126, 2126, -2122, -2128, -7, 2, 0.132004, 0.040748, 1.022604, 2.268318, -1.521894, 7.329687, 4.0, 65.8]
[2155, 2155, -2150, -2156, 1, 0, -0.018788, -0.014152, 0.866688, 13.88832, 1.208106, -2.890312, 4.7, 65.3]
[2183, 2183, -2182, -2187, -5, 2, 0.101992, 0.04758, 1.076284, -3.401682, -12.09189, 12.78969, 4.6, 67.0]
[2212, 2213, -2214, -2216, -3, 1, 0.052948, 0.024156, 0.98576, -1.861682, -4.251894, 4.109688, 5.5, 66.6]
[2243, 2244, -2245, -2245, -4, 0, 0.07832401, -0.008052, 0.9733161, 4.368319, -8.451894, 9.149688, 4.7, 67.0]
[2278, 2275, -2271, -2275, -4, -1, 0.077348, -0.025132, 0.9225639, -0.2516818, 6.948107, 8.939688, 4.0, 67.8]
[2302, 2307, -2305, -2304, 0, -2, 0.002928, -0.036356, 1.012356, -1.091682, 3.378106, 8.449687, 4.4, 66.2]
[2335, 2336, -2335, -2336, 1, 0, -0.025132, -0.012932, 1.042612, -3.541682, -2.991894, 2.009687, 9.0, 200.0]
[2367, 2367, -2365, -2364, -4, 0, 0.087596, -0.004636, 1.012112, 4.648318, 5.968106, 3.129688, 4.6, 65.4]
[2395, 2396, -2393, -2394, -3, 5, 0.060512, 0.09882, 0.99552, -1.161682, -10.69189, 4.529688, 4.0, 65.5]
[2422, 2427, -2423, -2422, -2, 2, 0.035868, 0.044896, 0.969168, 2.968318, 0.2281064, 4.109688, 4.3, 65.9]
[2456, 2454, -2458, -2454, -3, 0, 0.057096, -0.016348, 0.947208, 2.408318, 4.078106, 1.449687, 4.0, 67.3]
[2486, 2485, -2484, -2483, 0, -1, 0.009272, -0.02562, 1.023824, -0.6716819, 0.7881063, 7.119687, 4.3, 66.8]
[2511, 2516, -2516, -2516, 0, 0, -0.004636, -0.001464, 0.899384, -2.631682, -2.291894, 8.939688, 5.0, 66.1]
[2546, 2544, -2543, -2545, -2, 0, 0.039772, -0.002684, 1.01504, -0.4616818, -0.2618936, 3.269687, 4.6, 66.9]
[2576, 2571, -2572, -2577, 0, -1, 0.01464, -0.034892, 1.000644, 6.958318, -0.9618936, 7.119687, 4.3, 200.0]
[2606, 2608, -2603, -2607, -1, 0, 0.027084, 0.016348, 1.008696, 1.078318, -2.291894, 4.179688, 4.3, 200.0]
[2630, 2637, -2635, -2633, -2, 3, 0.04514, 0.051972, 0.972584, 1.008318, -2.641894, 6.419687, 4.0, 200.0]
[2666, 2666, -2667, -2666, 0, 0, -0.005612, -0.005124001, 0.9845401, 1.218318, 1.278106, 6.769688, 4.0, 135.5]
[2692, 2696, -2695, -2695, -1, -2, 0.02318, -0.040504, 1.094584, 0.3783182, -3.481894, 1.869688, 5.0, 132.7]
[2723, 2726, -2725, -2723, -5, -2, 0.090768, -0.044164, 0.941352, -0.04168177, -7.611894, 7.609687, 4.6, 132.8]
[2753, 2755, -2754, -2755, 0, 0, 0.01708, 0.001708, 0.990884, 3.528318, -1.101894, 3.969688, 4.6, 132.7]
[2782, 2786, -2781, -2784, -3, 0, 0.056608, 0.010248, 1.038464, -1.021682, -2.011894, 5.649688, 5.1, 132.1]
[2817, 2811, -2812, -2815, -3, -2, 0.07027201, -0.038552, 1.011868, -2.771682, 0.8581064, 12.36969, 6.5, 132.1]
[2846, 2848, -2846, -2846, -7, -2, 0.123708, -0.044408, 0.98088, 1.638318, 0.9281064, 0.2596875, 200.0, 89.8]
[2873, 2877, -2876, -2874, -6, 3, 0.111996, 0.056608, 0.977464, 2.058318, -0.4718935, 2.569688, 200.0, 88.9]
[2901, 2905, -2906, -2905, -1, 0, 0.027084, -0.014884, 1.0004, 0.7983181, 0.7881063, 10.75969, 5.2, 87.9]
[2938, 2931, -2932, -2937, 0, -1, 0.013664, -0.02806, 1.022116, 1.218318, 3.098106, 2.429688, 9.6, 87.9]
[2966, 2969, -2962, -2965, -3, 1, 0.069296, 0.02928, 1.071404, 2.758318, -2.291894, 5.299687, 7.2, 87.8]